676     88.59593 
653     78.64701 
573     76.83745 
604     81.92134 
621     76.99351 
830    105.09215 
976    106.72573 
998    111.78007 
553     70.84854 
1101     99.18333 
879    107.62721 
950    106.22435 
1047    115.52555 
1120    127.43534 
778     87.11146 
1278    133.74738 
700     90.14715 
902    102.44344 
1176    129.55355 
1197     85.65355 
1248    132.49062 
1322     98.99754 
1403    143.55838 
1427    142.79176 
1476    120.92742 
1524    149.90905 
1727    164.02412 
752     96.60701 
855    107.98823 
927     99.45070 
1024    106.02323 
1151    124.43872 
1630    133.86523 
2003    135.11846 
1680    143.36764 
721     90.06535 
802     97.58324 
1224    113.71860 
1355     88.27517 
1451     96.95158 
1295    118.33986 
1545    105.13372 
1770     98.22642 
1824    147.21120 
1373    122.26183 
1503    130.64242 
1599    132.49038 
1696    137.66520 
1748    129.53181 
1803     83.49161 
1072    120.90250 
1870    147.95691 
1898     91.19067 
1846    157.84172 
1951    148.47779 
1971    152.10494 
1650    145.04060 
1925    121.92598 
2029     61.34579 
1570    115.74818 
