676     87.76953 
653     84.34974 
573     75.27236 
604     80.32258 
621     78.48472 
830    106.02672 
976    118.80994 
998    121.49652 
1101    128.58079 
879    107.82284 
950    115.61676 
1047    124.41754 
1120    133.44710 
1603    163.81485 
778     96.19742 
1278    138.93220 
700     87.31702 
902    110.54706 
1176    136.04885 
1197    138.89697 
1248    138.26305 
1322    145.52486 
1403    152.80690 
1427    154.20563 
1476    161.46053 
1524    166.02279 
752     92.52521 
855    106.39670 
927    112.96239 
1024    121.03969 
1151    134.95834 
721     87.42883 
802     99.50960 
1224    135.50792 
1355    146.67371 
1451    153.93531 
1295    141.30052 
1545    165.23390 
1373    148.37195 
1503    161.48191 
1072    122.40239 
1570    165.27285 
