   31    30    54    55       2970   523   407  0.61568
   35    28    48    58       2784   553   427  0.61023
   31    33    54    50       2700   573   450  0.61322
   31    35    54    47       2538   604   481  0.60761
   31    36    54    46       2484   621   495  0.61142
   26    45    64    37       2368   653   517  0.61290
   21    58    79    29       2291   676   542  0.61386
   45    28    38    58       2204   700   560  0.61152
   52    25    33    65       2145   721   579  0.61300
   49    28    35    58       2030   752   620  0.60508
   44    32    39    51       1989   778   630  0.61336
   52    28    33    58       1914   802   654  0.60843
   31    49    54    34       1836   830   689  0.60402
   49    32    35    51       1785   855   713  0.60493
   36    45    47    37       1739   879   741  0.60588
   46    36    37    46       1702   902   754  0.60850
   49    35    35    47       1645   927   788  0.60443
   36    49    47    34       1598   950   814  0.60173
   31    58    54    29       1566   976   822  0.60581
   33    56    51    30       1530   998   850  0.60523
   49    39    35    43       1505  1024   887  0.61085
   36    54    47    31       1457  1047   897  0.60465
   62    32    28    51       1428  1072   912  0.60677
   35    58    48    29       1392  1101   929  0.60747
   36    58    47    29       1363  1120   968  0.60508
   49    44    35    38       1330  1151  1005  0.60677
   46    48    37    35       1295  1176  1032  0.60364
   46    49    37    34       1258  1197  1057  0.59686
   52    44    33    38       1254  1224  1064  0.60838
   46    51    37    33       1221  1248  1098  0.60399
   44    54    39    31       1209  1278  1098  0.61243
   54    45    32    37       1184  1295  1135  0.60774
   46    54    37    31       1147  1322  1162  0.60103
   52    49    33    34       1122  1355  1193  0.60260
   58    45    30    37       1110  1373  1237  0.60408
   46    58    37    29       1073  1403  1265  0.59670
   46    59    37    29       1073  1427  1287  0.60691
   52    53    33    32       1056  1451  1305  0.60734
   46    61    37    28       1036  1476  1330  0.60610
   60    48    29    35       1015  1503  1377  0.60468
   46    63    37    27        999  1524  1374  0.60346
   54    54    32    31        992  1545  1371  0.60749
   85    35    21    47        987  1570  1405  0.61421
   40    75    43    23        989  1603  1397  0.62839
  125    24    15    68       1020  1622  1378  0.65577
   22   136    76    14       1064  1645  1347  0.69375
   19   157    87    12       1044  1676  1307  0.69354
   17   176    97    11       1067  1698  1294  0.71812
   15   198   110    10       1100  1720  1250  0.74993
