676     86.14523 
653     80.38954 
573     72.74851 
604     77.42650 
621     78.10136 
830     97.50530 
976    124.20331 
998    111.61062 
553     70.66308 
1101    120.67414 
879    110.14235 
950    118.15526 
1047    117.10417 
1120    123.23410 
1603    147.59685 
778     90.10920 
1278    129.17903 
700     85.21198 
902    101.99466 
1176    126.75802 
1197    125.94602 
1248    128.11383 
1322    132.80923 
1403    139.64238 
1427    163.27035 
1476    142.95858 
1524    169.80108 
752     96.60178 
927    103.39793 
1024    111.62388 
1151    123.78514 
721     92.25787 
802     92.30463 
1224    128.15186 
1355    135.53611 
1451    134.76251 
1295    150.19179 
1545    142.72553 
1373    133.11374 
1503    144.78019 
1072    124.57300 
1570    146.01180 
