676     84.59532 
653     74.71831 
573     73.74681 
604     78.58853 
621     71.61248 
830    100.01061 
976    114.46881 
998    104.99622 
1101     94.10930 
879    105.26817 
950    109.50329 
1047    116.14751 
1120    119.72788 
1603    125.74804 
778     82.72552 
1278    121.22071 
700     83.83357 
902    101.40467 
1176    124.10711 
1197     85.98732 
1248    119.24088 
1322    100.00858 
1403    132.88620 
1427    139.13438 
1476    119.47948 
1524    147.25467 
752     89.80603 
855    101.38466 
927    100.20426 
1024    105.51763 
1151    115.30418 
721     84.87691 
802     92.05667 
1224    104.46099 
1355     88.93228 
1451     93.13081 
1295    133.07547 
1545    104.79624 
1373    123.32283 
1503    125.79750 
1072    115.18040 
1570    112.52799 
