676     92.17505 
653     89.75160 
573     78.53244 
604     83.88821 
621     85.28161 
830    112.69119 
976    113.68336 
998    131.47450 
553     76.01213 
1101    141.32058 
879    116.84596 
950    114.93085 
1047    125.18313 
1120    143.62693 
778    102.78821 
1278    158.98299 
700     94.40813 
902    119.69257 
1176    146.79418 
1197    136.93383 
1248    157.68500 
1322    142.65426 
1403    172.41700 
1427    171.15242 
1476    164.63015 
1524    182.70389 
1727    195.50879 
752    101.24994 
855    113.89186 
927    104.63151 
1024    121.78543 
1151    149.01396 
1630    162.44932 
2003    194.58354 
1680    185.66894 
721     95.39857 
802    106.20995 
1224    155.00495 
1355    144.68368 
1451    171.31142 
1295    141.55040 
1545    167.18316 
1770    181.95921 
1824    208.58560 
1373    146.76417 
1503    165.23731 
1599    168.99579 
1696    194.01516 
1748    173.20880 
1803    181.49803 
1072    138.42782 
1870    214.87457 
1898    213.32945 
1846    211.96607 
1951    220.78700 
1971    219.90719 
1650    183.06845 
1925    215.96475 
2029    200.16827 
1570    175.10795 
