676     83.12100 
653     71.80187 
573     71.34467 
604     75.87763 
621     71.34519 
830     92.60646 
976    119.29346 
998     97.99068 
553     66.32863 
1101     90.48833 
879    107.51602 
950    111.74919 
1047    109.83920 
1120    111.96505 
1603    117.31630 
778     78.55661 
1278    114.16716 
700     81.85056 
902     90.04847 
1176    116.61325 
1197     82.21046 
1248    112.12901 
1322     95.17400 
1403    123.52621 
1427    146.14259 
1476    110.75656 
1524    150.00051 
752     93.57456 
927     96.85639 
1024     98.71908 
1151    107.71284 
721     89.33716 
802     75.38091 
1224    100.71921 
1355     85.91073 
1451     88.11090 
1295    140.08017 
1545     97.35542 
1373    113.53825 
1503    116.75195 
1072    120.17736 
1570    105.15584 
